192137
305295
132864
291581
324234
112632
55814
111881
327136
208011
72338
49193
249288
112631
94487
238018
257476
202868
40556
158712
96257
97908
229806
226518
190955
50150
175950
263450
342289
185546
224403
205418
286080
25180
43620
254247
32718
122978
93777
3982
14475
77048
179990
229194
196119
107711
64571
22150
165098
298938
221684
151782
154796
347480
57946
100206
207385
125398
20887
220784
200745
218483
71181
8848
179841
192433
6069
245423
141380
34753
222901
171949
308727
351626
48047
327239
22271
13164
163740
299030
289511
289487
136572
157104
132290
66369
11549
139022
348481
256736
207771
128373
347423
21157
103520
142734
116748
328272
56093
351285